id,name,mem,disk,ephemeral_disk,vcpu,ecu
6,flavor_1,512,20,0,1,1
7,flavor_2,512,20,10,1,1
8,flavor_3,512,20,20,1,1
9,flavor_4,512,20,30,1,1
10,flavor_5,512,20,40,1,1
11,flavor_6,512,20,60,1,1
12,flavor_7,512,20,80,1,1
13,flavor_8,512,20,120,1,1
14,flavor_9,512,20,160,1,1
15,flavor_10,512,20,200,1,1
16,flavor_11,1024,20,0,1,1
17,flavor_12,1024,20,10,1,1
18,flavor_13,1024,20,20,1,1
19,flavor_14,1024,20,30,1,1
20,flavor_15,1024,20,40,1,1
21,flavor_16,1024,20,60,1,1
22,flavor_17,1024,20,80,1,1
23,flavor_18,1024,20,120,1,1
24,flavor_19,1024,20,160,1,1
25,flavor_20,1024,20,200,1,1
26,flavor_21,2048,20,0,1,1
27,flavor_22,2048,20,10,1,1
28,flavor_23,2048,20,20,1,1
29,flavor_24,2048,20,30,1,1
30,flavor_25,2048,20,40,1,1
31,flavor_26,2048,20,60,1,1
32,flavor_27,2048,20,80,1,1
33,flavor_28,2048,20,120,1,1
34,flavor_29,2048,20,160,1,1
35,flavor_30,2048,20,200,1,1
36,flavor_31,4096,20,0,1,1
37,flavor_32,4096,20,10,1,1
38,flavor_33,4096,20,20,1,1
39,flavor_34,4096,20,30,1,1
40,flavor_35,4096,20,40,1,1
41,flavor_36,4096,20,60,1,1
42,flavor_37,4096,20,80,1,1
43,flavor_38,4096,20,120,1,1
44,flavor_39,4096,20,160,1,1
45,flavor_40,4096,20,200,1,1
46,flavor_41,6144,20,0,1,1
47,flavor_42,6144,20,10,1,1
48,flavor_43,6144,20,20,1,1
49,flavor_44,6144,20,30,1,1
50,flavor_45,6144,20,40,1,1
51,flavor_46,6144,20,60,1,1
52,flavor_47,6144,20,80,1,1
53,flavor_48,6144,20,120,1,1
54,flavor_49,6144,20,160,1,1
55,flavor_50,6144,20,200,1,1
56,flavor_51,8192,20,0,1,1
57,flavor_52,8192,20,10,1,1
58,flavor_53,8192,20,20,1,1
59,flavor_54,8192,20,30,1,1
60,flavor_55,8192,20,40,1,1
61,flavor_56,8192,20,60,1,1
62,flavor_57,8192,20,80,1,1
63,flavor_58,8192,20,120,1,1
64,flavor_59,8192,20,160,1,1
65,flavor_60,8192,20,200,1,1
66,flavor_61,512,20,0,1,2
67,flavor_62,512,20,10,1,2
68,flavor_63,512,20,20,1,2
69,flavor_64,512,20,30,1,2
70,flavor_65,512,20,40,1,2
71,flavor_66,512,20,60,1,2
72,flavor_67,512,20,80,1,2
73,flavor_68,512,20,120,1,2
74,flavor_69,512,20,160,1,2
75,flavor_70,512,20,200,1,2
76,flavor_71,1024,20,0,1,2
77,flavor_72,1024,20,10,1,2
78,flavor_73,1024,20,20,1,2
79,flavor_74,1024,20,30,1,2
80,flavor_75,1024,20,40,1,2
81,flavor_76,1024,20,60,1,2
82,flavor_77,1024,20,80,1,2
83,flavor_78,1024,20,120,1,2
84,flavor_79,1024,20,160,1,2
85,flavor_80,1024,20,200,1,2
86,flavor_81,2048,20,0,1,2
87,flavor_82,2048,20,10,1,2
88,flavor_83,2048,20,20,1,2
89,flavor_84,2048,20,30,1,2
90,flavor_85,2048,20,40,1,2
91,flavor_86,2048,20,60,1,2
92,flavor_87,2048,20,80,1,2
93,flavor_88,2048,20,120,1,2
94,flavor_89,2048,20,160,1,2
95,flavor_90,2048,20,200,1,2
96,flavor_91,4096,20,0,1,2
97,flavor_92,4096,20,10,1,2
98,flavor_93,4096,20,20,1,2
99,flavor_94,4096,20,30,1,2
100,flavor_95,4096,20,40,1,2
101,flavor_96,4096,20,60,1,2
102,flavor_97,4096,20,80,1,2
103,flavor_98,4096,20,120,1,2
104,flavor_99,4096,20,160,1,2
105,flavor_100,4096,20,200,1,2
106,flavor_101,6144,20,0,1,2
107,flavor_102,6144,20,10,1,2
108,flavor_103,6144,20,20,1,2
109,flavor_104,6144,20,30,1,2
110,flavor_105,6144,20,40,1,2
111,flavor_106,6144,20,60,1,2
112,flavor_107,6144,20,80,1,2
113,flavor_108,6144,20,120,1,2
114,flavor_109,6144,20,160,1,2
115,flavor_110,6144,20,200,1,2
116,flavor_111,8192,20,0,1,2
117,flavor_112,8192,20,10,1,2
118,flavor_113,8192,20,20,1,2
119,flavor_114,8192,20,30,1,2
120,flavor_115,8192,20,40,1,2
121,flavor_116,8192,20,60,1,2
122,flavor_117,8192,20,80,1,2
123,flavor_118,8192,20,120,1,2
124,flavor_119,8192,20,160,1,2
125,flavor_120,8192,20,200,1,2
126,flavor_121,12288,20,0,1,2
127,flavor_122,12288,20,10,1,2
128,flavor_123,12288,20,20,1,2
129,flavor_124,12288,20,30,1,2
130,flavor_125,12288,20,40,1,2
131,flavor_126,12288,20,60,1,2
132,flavor_127,12288,20,80,1,2
133,flavor_128,12288,20,120,1,2
134,flavor_129,12288,20,160,1,2
135,flavor_130,12288,20,200,1,2
136,flavor_131,16384,20,0,1,2
137,flavor_132,16384,20,10,1,2
138,flavor_133,16384,20,20,1,2
139,flavor_134,16384,20,30,1,2
140,flavor_135,16384,20,40,1,2
141,flavor_136,16384,20,60,1,2
142,flavor_137,16384,20,80,1,2
143,flavor_138,16384,20,120,1,2
144,flavor_139,16384,20,160,1,2
145,flavor_140,16384,20,200,1,2
146,flavor_141,512,20,0,2,2
147,flavor_142,512,20,10,2,2
148,flavor_143,512,20,20,2,2
149,flavor_144,512,20,30,2,2
150,flavor_145,512,20,40,2,2
151,flavor_146,512,20,60,2,2
152,flavor_147,512,20,80,2,2
153,flavor_148,512,20,120,2,2
154,flavor_149,512,20,160,2,2
155,flavor_150,512,20,200,2,2
156,flavor_151,1024,20,0,2,2
157,flavor_152,1024,20,10,2,2
158,flavor_153,1024,20,20,2,2
159,flavor_154,1024,20,30,2,2
160,flavor_155,1024,20,40,2,2
161,flavor_156,1024,20,60,2,2
162,flavor_157,1024,20,80,2,2
163,flavor_158,1024,20,120,2,2
164,flavor_159,1024,20,160,2,2
165,flavor_160,1024,20,200,2,2
166,flavor_161,2048,20,0,2,2
167,flavor_162,2048,20,10,2,2
168,flavor_163,2048,20,20,2,2
169,flavor_164,2048,20,30,2,2
170,flavor_165,2048,20,40,2,2
171,flavor_166,2048,20,60,2,2
172,flavor_167,2048,20,80,2,2
173,flavor_168,2048,20,120,2,2
174,flavor_169,2048,20,160,2,2
175,flavor_170,2048,20,200,2,2
176,flavor_171,4096,20,0,2,2
177,flavor_172,4096,20,10,2,2
178,flavor_173,4096,20,20,2,2
179,flavor_174,4096,20,30,2,2
180,flavor_175,4096,20,40,2,2
181,flavor_176,4096,20,60,2,2
182,flavor_177,4096,20,80,2,2
183,flavor_178,4096,20,120,2,2
184,flavor_179,4096,20,160,2,2
185,flavor_180,4096,20,200,2,2
186,flavor_181,6144,20,0,2,2
187,flavor_182,6144,20,10,2,2
188,flavor_183,6144,20,20,2,2
189,flavor_184,6144,20,30,2,2
190,flavor_185,6144,20,40,2,2
191,flavor_186,6144,20,60,2,2
192,flavor_187,6144,20,80,2,2
193,flavor_188,6144,20,120,2,2
194,flavor_189,6144,20,160,2,2
195,flavor_190,6144,20,200,2,2
196,flavor_191,8192,20,0,2,2
197,flavor_192,8192,20,10,2,2
198,flavor_193,8192,20,20,2,2
199,flavor_194,8192,20,30,2,2
200,flavor_195,8192,20,40,2,2
201,flavor_196,8192,20,60,2,2
202,flavor_197,8192,20,80,2,2
203,flavor_198,8192,20,120,2,2
204,flavor_199,8192,20,160,2,2
205,flavor_200,8192,20,200,2,2
206,flavor_201,12288,20,0,2,2
207,flavor_202,12288,20,10,2,2
208,flavor_203,12288,20,20,2,2
209,flavor_204,12288,20,30,2,2
210,flavor_205,12288,20,40,2,2
211,flavor_206,12288,20,60,2,2
212,flavor_207,12288,20,80,2,2
213,flavor_208,12288,20,120,2,2
214,flavor_209,12288,20,160,2,2
215,flavor_210,12288,20,200,2,2
216,flavor_211,16384,20,0,2,2
217,flavor_212,16384,20,10,2,2
218,flavor_213,16384,20,20,2,2
219,flavor_214,16384,20,30,2,2
220,flavor_215,16384,20,40,2,2
221,flavor_216,16384,20,60,2,2
222,flavor_217,16384,20,80,2,2
223,flavor_218,16384,20,120,2,2
224,flavor_219,16384,20,160,2,2
225,flavor_220,16384,20,200,2,2
226,flavor_221,24576,20,0,2,2
227,flavor_222,24576,20,10,2,2
228,flavor_223,24576,20,20,2,2
229,flavor_224,24576,20,30,2,2
230,flavor_225,24576,20,40,2,2
231,flavor_226,24576,20,60,2,2
232,flavor_227,24576,20,80,2,2
233,flavor_228,24576,20,120,2,2
234,flavor_229,24576,20,160,2,2
235,flavor_230,24576,20,200,2,2
236,flavor_231,32768,20,0,2,2
237,flavor_232,32768,20,10,2,2
238,flavor_233,32768,20,20,2,2
239,flavor_234,32768,20,30,2,2
240,flavor_235,32768,20,40,2,2
241,flavor_236,32768,20,60,2,2
242,flavor_237,32768,20,80,2,2
243,flavor_238,32768,20,120,2,2
244,flavor_239,32768,20,160,2,2
245,flavor_240,32768,20,200,2,2
246,flavor_241,1024,20,0,2,3
247,flavor_242,1024,20,10,2,3
248,flavor_243,1024,20,20,2,3
249,flavor_244,1024,20,30,2,3
250,flavor_245,1024,20,40,2,3
251,flavor_246,1024,20,60,2,3
252,flavor_247,1024,20,80,2,3
253,flavor_248,1024,20,120,2,3
254,flavor_249,1024,20,160,2,3
255,flavor_250,1024,20,200,2,3
256,flavor_251,2048,20,0,2,3
257,flavor_252,2048,20,10,2,3
258,flavor_253,2048,20,20,2,3
259,flavor_254,2048,20,30,2,3
260,flavor_255,2048,20,40,2,3
261,flavor_256,2048,20,60,2,3
262,flavor_257,2048,20,80,2,3
263,flavor_258,2048,20,120,2,3
264,flavor_259,2048,20,160,2,3
265,flavor_260,2048,20,200,2,3
266,flavor_261,4096,20,0,2,3
267,flavor_262,4096,20,10,2,3
268,flavor_263,4096,20,20,2,3
269,flavor_264,4096,20,30,2,3
270,flavor_265,4096,20,40,2,3
271,flavor_266,4096,20,60,2,3
272,flavor_267,4096,20,80,2,3
273,flavor_268,4096,20,120,2,3
274,flavor_269,4096,20,160,2,3
275,flavor_270,4096,20,200,2,3
276,flavor_271,6144,20,0,2,3
277,flavor_272,6144,20,10,2,3
278,flavor_273,6144,20,20,2,3
279,flavor_274,6144,20,30,2,3
280,flavor_275,6144,20,40,2,3
281,flavor_276,6144,20,60,2,3
282,flavor_277,6144,20,80,2,3
283,flavor_278,6144,20,120,2,3
284,flavor_279,6144,20,160,2,3
285,flavor_280,6144,20,200,2,3
286,flavor_281,8192,20,0,2,3
287,flavor_282,8192,20,10,2,3
288,flavor_283,8192,20,20,2,3
289,flavor_284,8192,20,30,2,3
290,flavor_285,8192,20,40,2,3
291,flavor_286,8192,20,60,2,3
292,flavor_287,8192,20,80,2,3
293,flavor_288,8192,20,120,2,3
294,flavor_289,8192,20,160,2,3
295,flavor_290,8192,20,200,2,3
296,flavor_291,12288,20,0,2,3
297,flavor_292,12288,20,10,2,3
298,flavor_293,12288,20,20,2,3
299,flavor_294,12288,20,30,2,3
300,flavor_295,12288,20,40,2,3
301,flavor_296,12288,20,60,2,3
302,flavor_297,12288,20,80,2,3
303,flavor_298,12288,20,120,2,3
304,flavor_299,12288,20,160,2,3
305,flavor_300,12288,20,200,2,3
306,flavor_301,16384,20,0,2,3
307,flavor_302,16384,20,10,2,3
308,flavor_303,16384,20,20,2,3
309,flavor_304,16384,20,30,2,3
310,flavor_305,16384,20,40,2,3
311,flavor_306,16384,20,60,2,3
312,flavor_307,16384,20,80,2,3
313,flavor_308,16384,20,120,2,3
314,flavor_309,16384,20,160,2,3
315,flavor_310,16384,20,200,2,3
316,flavor_311,24576,20,0,2,3
317,flavor_312,24576,20,10,2,3
318,flavor_313,24576,20,20,2,3
319,flavor_314,24576,20,30,2,3
320,flavor_315,24576,20,40,2,3
321,flavor_316,24576,20,60,2,3
322,flavor_317,24576,20,80,2,3
323,flavor_318,24576,20,120,2,3
324,flavor_319,24576,20,160,2,3
325,flavor_320,24576,20,200,2,3
326,flavor_321,32768,20,0,2,3
327,flavor_322,32768,20,10,2,3
328,flavor_323,32768,20,20,2,3
329,flavor_324,32768,20,30,2,3
330,flavor_325,32768,20,40,2,3
331,flavor_326,32768,20,60,2,3
332,flavor_327,32768,20,80,2,3
333,flavor_328,32768,20,120,2,3
334,flavor_329,32768,20,160,2,3
335,flavor_330,32768,20,200,2,3
336,flavor_331,1024,20,0,4,2
337,flavor_332,1024,20,10,4,2
338,flavor_333,1024,20,20,4,2
339,flavor_334,1024,20,30,4,2
340,flavor_335,1024,20,40,4,2
341,flavor_336,1024,20,60,4,2
342,flavor_337,1024,20,80,4,2
343,flavor_338,1024,20,120,4,2
344,flavor_339,1024,20,160,4,2
345,flavor_340,1024,20,200,4,2
346,flavor_341,2048,20,0,4,2
347,flavor_342,2048,20,10,4,2
348,flavor_343,2048,20,20,4,2
349,flavor_344,2048,20,30,4,2
350,flavor_345,2048,20,40,4,2
351,flavor_346,2048,20,60,4,2
352,flavor_347,2048,20,80,4,2
353,flavor_348,2048,20,120,4,2
354,flavor_349,2048,20,160,4,2
355,flavor_350,2048,20,200,4,2
356,flavor_351,4096,20,0,4,2
357,flavor_352,4096,20,10,4,2
358,flavor_353,4096,20,20,4,2
359,flavor_354,4096,20,30,4,2
360,flavor_355,4096,20,40,4,2
361,flavor_356,4096,20,60,4,2
362,flavor_357,4096,20,80,4,2
363,flavor_358,4096,20,120,4,2
364,flavor_359,4096,20,160,4,2
365,flavor_360,4096,20,200,4,2
366,flavor_361,6144,20,0,4,2
367,flavor_362,6144,20,10,4,2
368,flavor_363,6144,20,20,4,2
369,flavor_364,6144,20,30,4,2
370,flavor_365,6144,20,40,4,2
371,flavor_366,6144,20,60,4,2
372,flavor_367,6144,20,80,4,2
373,flavor_368,6144,20,120,4,2
374,flavor_369,6144,20,160,4,2
375,flavor_370,6144,20,200,4,2
376,flavor_371,8192,20,0,4,2
377,flavor_372,8192,20,10,4,2
378,flavor_373,8192,20,20,4,2
379,flavor_374,8192,20,30,4,2
380,flavor_375,8192,20,40,4,2
381,flavor_376,8192,20,60,4,2
382,flavor_377,8192,20,80,4,2
383,flavor_378,8192,20,120,4,2
384,flavor_379,8192,20,160,4,2
385,flavor_380,8192,20,200,4,2
386,flavor_381,12288,20,0,4,2
387,flavor_382,12288,20,10,4,2
388,flavor_383,12288,20,20,4,2
389,flavor_384,12288,20,30,4,2
390,flavor_385,12288,20,40,4,2
391,flavor_386,12288,20,60,4,2
392,flavor_387,12288,20,80,4,2
393,flavor_388,12288,20,120,4,2
394,flavor_389,12288,20,160,4,2
395,flavor_390,12288,20,200,4,2
396,flavor_391,16384,20,0,4,2
397,flavor_392,16384,20,10,4,2
398,flavor_393,16384,20,20,4,2
399,flavor_394,16384,20,30,4,2
400,flavor_395,16384,20,40,4,2
401,flavor_396,16384,20,60,4,2
402,flavor_397,16384,20,80,4,2
403,flavor_398,16384,20,120,4,2
404,flavor_399,16384,20,160,4,2
405,flavor_400,16384,20,200,4,2
406,flavor_401,24576,20,0,4,2
407,flavor_402,24576,20,10,4,2
408,flavor_403,24576,20,20,4,2
409,flavor_404,24576,20,30,4,2
410,flavor_405,24576,20,40,4,2
411,flavor_406,24576,20,60,4,2
412,flavor_407,24576,20,80,4,2
413,flavor_408,24576,20,120,4,2
414,flavor_409,24576,20,160,4,2
415,flavor_410,24576,20,200,4,2
416,flavor_411,32768,20,0,4,2
417,flavor_412,32768,20,10,4,2
418,flavor_413,32768,20,20,4,2
419,flavor_414,32768,20,30,4,2
420,flavor_415,32768,20,40,4,2
421,flavor_416,32768,20,60,4,2
422,flavor_417,32768,20,80,4,2
423,flavor_418,32768,20,120,4,2
424,flavor_419,32768,20,160,4,2
425,flavor_420,32768,20,200,4,2
426,flavor_421,2048,20,0,4,3
427,flavor_422,2048,20,10,4,3
428,flavor_423,2048,20,20,4,3
429,flavor_424,2048,20,30,4,3
430,flavor_425,2048,20,40,4,3
431,flavor_426,2048,20,60,4,3
432,flavor_427,2048,20,80,4,3
433,flavor_428,2048,20,120,4,3
434,flavor_429,2048,20,160,4,3
435,flavor_430,2048,20,200,4,3
436,flavor_431,4096,20,0,4,3
437,flavor_432,4096,20,10,4,3
438,flavor_433,4096,20,20,4,3
439,flavor_434,4096,20,30,4,3
440,flavor_435,4096,20,40,4,3
441,flavor_436,4096,20,60,4,3
442,flavor_437,4096,20,80,4,3
443,flavor_438,4096,20,120,4,3
444,flavor_439,4096,20,160,4,3
445,flavor_440,4096,20,200,4,3
446,flavor_441,6144,20,0,4,3
447,flavor_442,6144,20,10,4,3
448,flavor_443,6144,20,20,4,3
449,flavor_444,6144,20,30,4,3
450,flavor_445,6144,20,40,4,3
451,flavor_446,6144,20,60,4,3
452,flavor_447,6144,20,80,4,3
453,flavor_448,6144,20,120,4,3
454,flavor_449,6144,20,160,4,3
455,flavor_450,6144,20,200,4,3
456,flavor_451,8192,20,0,4,3
457,flavor_452,8192,20,10,4,3
458,flavor_453,8192,20,20,4,3
459,flavor_454,8192,20,30,4,3
460,flavor_455,8192,20,40,4,3
461,flavor_456,8192,20,60,4,3
462,flavor_457,8192,20,80,4,3
463,flavor_458,8192,20,120,4,3
464,flavor_459,8192,20,160,4,3
465,flavor_460,8192,20,200,4,3
466,flavor_461,12288,20,0,4,3
467,flavor_462,12288,20,10,4,3
468,flavor_463,12288,20,20,4,3
469,flavor_464,12288,20,30,4,3
470,flavor_465,12288,20,40,4,3
471,flavor_466,12288,20,60,4,3
472,flavor_467,12288,20,80,4,3
473,flavor_468,12288,20,120,4,3
474,flavor_469,12288,20,160,4,3
475,flavor_470,12288,20,200,4,3
476,flavor_471,16384,20,0,4,3
477,flavor_472,16384,20,10,4,3
478,flavor_473,16384,20,20,4,3
479,flavor_474,16384,20,30,4,3
480,flavor_475,16384,20,40,4,3
481,flavor_476,16384,20,60,4,3
482,flavor_477,16384,20,80,4,3
483,flavor_478,16384,20,120,4,3
484,flavor_479,16384,20,160,4,3
485,flavor_480,16384,20,200,4,3
486,flavor_481,24576,20,0,4,3
487,flavor_482,24576,20,10,4,3
488,flavor_483,24576,20,20,4,3
489,flavor_484,24576,20,30,4,3
490,flavor_485,24576,20,40,4,3
491,flavor_486,24576,20,60,4,3
492,flavor_487,24576,20,80,4,3
493,flavor_488,24576,20,120,4,3
494,flavor_489,24576,20,160,4,3
495,flavor_490,24576,20,200,4,3
496,flavor_491,32768,20,0,4,3
497,flavor_492,32768,20,10,4,3
498,flavor_493,32768,20,20,4,3
499,flavor_494,32768,20,30,4,3
500,flavor_495,32768,20,40,4,3
501,flavor_496,32768,20,60,4,3
502,flavor_497,32768,20,80,4,3
503,flavor_498,32768,20,120,4,3
504,flavor_499,32768,20,160,4,3
505,flavor_500,32768,20,200,4,3
506,flavor_501,2048,20,0,4,4
507,flavor_502,2048,20,10,4,4
508,flavor_503,2048,20,20,4,4
509,flavor_504,2048,20,30,4,4
510,flavor_505,2048,20,40,4,4
511,flavor_506,2048,20,60,4,4
512,flavor_507,2048,20,80,4,4
513,flavor_508,2048,20,120,4,4
514,flavor_509,2048,20,160,4,4
515,flavor_510,2048,20,200,4,4
516,flavor_511,4096,20,0,4,4
517,flavor_512,4096,20,10,4,4
518,flavor_513,4096,20,20,4,4
519,flavor_514,4096,20,30,4,4
520,flavor_515,4096,20,40,4,4
521,flavor_516,4096,20,60,4,4
522,flavor_517,4096,20,80,4,4
523,flavor_518,4096,20,120,4,4
524,flavor_519,4096,20,160,4,4
525,flavor_520,4096,20,200,4,4
526,flavor_521,6144,20,0,4,4
527,flavor_522,6144,20,10,4,4
528,flavor_523,6144,20,20,4,4
529,flavor_524,6144,20,30,4,4
530,flavor_525,6144,20,40,4,4
531,flavor_526,6144,20,60,4,4
532,flavor_527,6144,20,80,4,4
533,flavor_528,6144,20,120,4,4
534,flavor_529,6144,20,160,4,4
535,flavor_530,6144,20,200,4,4
536,flavor_531,8192,20,0,4,4
537,flavor_532,8192,20,10,4,4
538,flavor_533,8192,20,20,4,4
539,flavor_534,8192,20,30,4,4
540,flavor_535,8192,20,40,4,4
541,flavor_536,8192,20,60,4,4
542,flavor_537,8192,20,80,4,4
543,flavor_538,8192,20,120,4,4
544,flavor_539,8192,20,160,4,4
545,flavor_540,8192,20,200,4,4
546,flavor_541,12288,20,0,4,4
547,flavor_542,12288,20,10,4,4
548,flavor_543,12288,20,20,4,4
549,flavor_544,12288,20,30,4,4
550,flavor_545,12288,20,40,4,4
551,flavor_546,12288,20,60,4,4
552,flavor_547,12288,20,80,4,4
553,flavor_548,12288,20,120,4,4
554,flavor_549,12288,20,160,4,4
555,flavor_550,12288,20,200,4,4
556,flavor_551,16384,20,0,4,4
557,flavor_552,16384,20,10,4,4
558,flavor_553,16384,20,20,4,4
559,flavor_554,16384,20,30,4,4
560,flavor_555,16384,20,40,4,4
561,flavor_556,16384,20,60,4,4
562,flavor_557,16384,20,80,4,4
563,flavor_558,16384,20,120,4,4
564,flavor_559,16384,20,160,4,4
565,flavor_560,16384,20,200,4,4
566,flavor_561,24576,20,0,4,4
567,flavor_562,24576,20,10,4,4
568,flavor_563,24576,20,20,4,4
569,flavor_564,24576,20,30,4,4
570,flavor_565,24576,20,40,4,4
571,flavor_566,24576,20,60,4,4
572,flavor_567,24576,20,80,4,4
573,flavor_568,24576,20,120,4,4
574,flavor_569,24576,20,160,4,4
575,flavor_570,24576,20,200,4,4
576,flavor_571,32768,20,0,4,4
577,flavor_572,32768,20,10,4,4
578,flavor_573,32768,20,20,4,4
579,flavor_574,32768,20,30,4,4
580,flavor_575,32768,20,40,4,4
581,flavor_576,32768,20,60,4,4
582,flavor_577,32768,20,80,4,4
583,flavor_578,32768,20,120,4,4
584,flavor_579,32768,20,160,4,4
585,flavor_580,32768,20,200,4,4
586,flavor_581,4096,20,0,6,4
587,flavor_582,4096,20,10,6,4
588,flavor_583,4096,20,20,6,4
589,flavor_584,4096,20,30,6,4
590,flavor_585,4096,20,40,6,4
591,flavor_586,4096,20,60,6,4
592,flavor_587,4096,20,80,6,4
593,flavor_588,4096,20,120,6,4
594,flavor_589,4096,20,160,6,4
595,flavor_590,4096,20,200,6,4
596,flavor_591,6144,20,0,6,4
597,flavor_592,6144,20,10,6,4
598,flavor_593,6144,20,20,6,4
599,flavor_594,6144,20,30,6,4
600,flavor_595,6144,20,40,6,4
601,flavor_596,6144,20,60,6,4
602,flavor_597,6144,20,80,6,4
603,flavor_598,6144,20,120,6,4
604,flavor_599,6144,20,160,6,4
605,flavor_600,6144,20,200,6,4
606,flavor_601,8192,20,0,6,4
607,flavor_602,8192,20,10,6,4
608,flavor_603,8192,20,20,6,4
609,flavor_604,8192,20,30,6,4
610,flavor_605,8192,20,40,6,4
611,flavor_606,8192,20,60,6,4
612,flavor_607,8192,20,80,6,4
613,flavor_608,8192,20,120,6,4
614,flavor_609,8192,20,160,6,4
615,flavor_610,8192,20,200,6,4
616,flavor_611,12288,20,0,6,4
617,flavor_612,12288,20,10,6,4
618,flavor_613,12288,20,20,6,4
619,flavor_614,12288,20,30,6,4
620,flavor_615,12288,20,40,6,4
621,flavor_616,12288,20,60,6,4
622,flavor_617,12288,20,80,6,4
623,flavor_618,12288,20,120,6,4
624,flavor_619,12288,20,160,6,4
625,flavor_620,12288,20,200,6,4
626,flavor_621,16384,20,0,6,4
627,flavor_622,16384,20,10,6,4
628,flavor_623,16384,20,20,6,4
629,flavor_624,16384,20,30,6,4
630,flavor_625,16384,20,40,6,4
631,flavor_626,16384,20,60,6,4
632,flavor_627,16384,20,80,6,4
633,flavor_628,16384,20,120,6,4
634,flavor_629,16384,20,160,6,4
635,flavor_630,16384,20,200,6,4
636,flavor_631,24576,20,0,6,4
637,flavor_632,24576,20,10,6,4
638,flavor_633,24576,20,20,6,4
639,flavor_634,24576,20,30,6,4
640,flavor_635,24576,20,40,6,4
641,flavor_636,24576,20,60,6,4
642,flavor_637,24576,20,80,6,4
643,flavor_638,24576,20,120,6,4
644,flavor_639,24576,20,160,6,4
645,flavor_640,24576,20,200,6,4
646,flavor_641,32768,20,0,6,4
647,flavor_642,32768,20,10,6,4
648,flavor_643,32768,20,20,6,4
649,flavor_644,32768,20,30,6,4
650,flavor_645,32768,20,40,6,4
651,flavor_646,32768,20,60,6,4
652,flavor_647,32768,20,80,6,4
653,flavor_648,32768,20,120,6,4
654,flavor_649,32768,20,160,6,4
655,flavor_650,32768,20,200,6,4
656,flavor_651,4096,20,0,8,4
657,flavor_652,4096,20,10,8,4
658,flavor_653,4096,20,20,8,4
659,flavor_654,4096,20,30,8,4
660,flavor_655,4096,20,40,8,4
661,flavor_656,4096,20,60,8,4
662,flavor_657,4096,20,80,8,4
663,flavor_658,4096,20,120,8,4
664,flavor_659,4096,20,160,8,4
665,flavor_660,4096,20,200,8,4
666,flavor_661,6144,20,0,8,4
667,flavor_662,6144,20,10,8,4
668,flavor_663,6144,20,20,8,4
669,flavor_664,6144,20,30,8,4
670,flavor_665,6144,20,40,8,4
671,flavor_666,6144,20,60,8,4
672,flavor_667,6144,20,80,8,4
673,flavor_668,6144,20,120,8,4
674,flavor_669,6144,20,160,8,4
675,flavor_670,6144,20,200,8,4
676,flavor_671,8192,20,0,8,4
677,flavor_672,8192,20,10,8,4
678,flavor_673,8192,20,20,8,4
679,flavor_674,8192,20,30,8,4
680,flavor_675,8192,20,40,8,4
681,flavor_676,8192,20,60,8,4
682,flavor_677,8192,20,80,8,4
683,flavor_678,8192,20,120,8,4
684,flavor_679,8192,20,160,8,4
685,flavor_680,8192,20,200,8,4
686,flavor_681,12288,20,0,8,4
687,flavor_682,12288,20,10,8,4
688,flavor_683,12288,20,20,8,4
689,flavor_684,12288,20,30,8,4
690,flavor_685,12288,20,40,8,4
691,flavor_686,12288,20,60,8,4
692,flavor_687,12288,20,80,8,4
693,flavor_688,12288,20,120,8,4
694,flavor_689,12288,20,160,8,4
695,flavor_690,12288,20,200,8,4
696,flavor_691,16384,20,0,8,4
697,flavor_692,16384,20,10,8,4
698,flavor_693,16384,20,20,8,4
699,flavor_694,16384,20,30,8,4
700,flavor_695,16384,20,40,8,4
701,flavor_696,16384,20,60,8,4
702,flavor_697,16384,20,80,8,4
703,flavor_698,16384,20,120,8,4
704,flavor_699,16384,20,160,8,4
705,flavor_700,16384,20,200,8,4
706,flavor_701,24576,20,0,8,4
707,flavor_702,24576,20,10,8,4
708,flavor_703,24576,20,20,8,4
709,flavor_704,24576,20,30,8,4
710,flavor_705,24576,20,40,8,4
711,flavor_706,24576,20,60,8,4
712,flavor_707,24576,20,80,8,4
713,flavor_708,24576,20,120,8,4
714,flavor_709,24576,20,160,8,4
715,flavor_710,24576,20,200,8,4
716,flavor_711,32768,20,0,8,4
717,flavor_712,32768,20,10,8,4
718,flavor_713,32768,20,20,8,4
719,flavor_714,32768,20,30,8,4
720,flavor_715,32768,20,40,8,4
721,flavor_716,32768,20,60,8,4
722,flavor_717,32768,20,80,8,4
723,flavor_718,32768,20,120,8,4
724,flavor_719,32768,20,160,8,4
725,flavor_720,32768,20,200,8,4
